26689127462
-719252706358
-477543843755
-371426667298
-630713150206
691630887516
146019225756
980631796409
-2759317385865
110198788366
178816767227
-945569521501
-863116040029
-1926377681128
-591985342142
-1148724437200
-2385729628762
2618146506830
-1342418086886
52157321446
1450219120114
103224612809
-2612515650373
-2374386002467
-4030508106098
-2548604588427
280063408309
-1303257313949
984629494659
-916254914892
1620735654129
-1881984561753
1019318541657
407952270878
-1287021684129
-2011025781780
2692771319318
276129838282
-389160046737
138666721381
-710920131905
1155534579560
-424615603229
-329311789032
-3013091158667
-188794951775
52029525631
-1980274553567
-192925603046
914409674651
278675769266
1176476043157
-5016281175632
40151769536
-3221232046995
279341668149
29898710735
2225405264541
4555077736900
-1503395241187
199221191999
-592169612852
151380625428
-2232959277497
2789924886493
-934473588443
-252152078114
-275041054709
-1553560269090
2531009892588
4229735135776
2424441302720
-1067339555351
524596063657
222164006316
2772183350207
-2183606510370
2973932350200
-4161771929851
-3994603611244
2128854132679
-631477307576
1608891541956
1784708510032
-1485012080838
-1052085680015
-1182647372463
1394972806109
-311134544742
2584727300003
-4608011497918
7533907364054
2935357995159
-3207775234359
3344287348487
-3016253294375
-952167575429
-1053811873906
34532822733
-1396319316384
-1879537691229
-1073492898035
4007659174333
3998339854542
-1249953083566
-2082174760396
-2054201362554
877394269118
-840380823324
766766874550
-903188852878
-3169237955079
2601956044163
507245641076
3170791606732
1927110585434
1961237945442
-2807239478314
-1499936856208
-788915388416
1476192052078
-4349376671896
2928456475448
-4575222908660
948768511085
-544516963484
1666544933311
-1642094305161
2597438486965
5102036668731
-2252263805807
2982814134548
-4760641937476
4553656114555
3957428378930
1565786527344
-542067352695
182833661302
3038386097338
1867093324365
-2482879372784
659695851124
-495429261490
2684884515977
3272608297795
1735179065039
-1068479326728
-4165596715584
1216300292377
1973153984552
-1122856261691
-1405236393729
-511121473180
1143311618976
1260053684885
-1655561935129
1437934576652
592294596739
-4437698150174
-1956679977256
2368748693135
-321260217380
1588555475662
269581130025
-4337664427651
-970707818948
-827190569430
2904134532230
-1197416524474
-946449209598
-2107009466284
1928823098962
-2514533831208
-1629785771639
68612269554
4418209921415
966560571000
-430975144751
958489030562
-862573882131
-2576636918346
-816134027974
-117107610126
2948564300605
-6355915325638
-878304955273
2337505626384
305196557872
-2157510885571
-52109865546
1142153015336
4115962862766
-2775170376078
-5349617008918
-7146061131374
2919468493308
-1979595208518
-2527179056176
-2637359480991
668339878146
62125910220
-4039547701688
-2319981599233
252214882971
2716523081920
-7635712373646
-294058492510
5658095458320
208069289603
657082964089
4854323808150
-3484037747204
4791038065035
-3836547263041
3083176142887
1115821779457
1873967009937
-1041209100106
8956075457353
-1552645462201
-148673814756
-4727548311287
3153459583087
1412179782959
-4864694059122
1222748531178
-3958629300816
505809188340
448081334001
-705784344228
-3532489781198
5731994854756
4981755323290
-3188085574308
-7215918985498
2069277940710
2932116384818
5061713900429
-1065676409389
4814207849484
525431172268
2241243661751
1154112742790
3929238798107
-103858965949
-4982671099426
2359007692106
5926255684575
-251638636154
-2431514070451
-2054005282535
513402999006
1134916654457
3116442381441
-5120110190046
2914920169164